out_file1.txt
getSize 0						      |	getSize 5
 -5,-4							      |	 -5,-4,0,0,5
out_file2.txt
 -10,5,0,-5,10						      |	 10,5,0,-5,-10
 -10,5,0,-5,10						      |	 10,5,0,-5,-10
 -10,0,5,-5,10						      |	 10,5,0,-5,-10
 -10,-5,0,5,10						      |	 10,5,0,-5,-10
 1,9,8,7,6,5,4,3,2,10					      |	 10,9,8,7,6,5,4,3,2,1
 1,8,9,7,6,5,4,3,2,10					      |	 10,9,8,7,6,5,4,3,2,1
 1,8,6,7,9,5,4,3,2,10					      |	 10,9,8,7,6,5,4,3,2,1
 1,8,6,7,4,5,9,3,2,10					      |	 10,9,8,7,6,5,4,3,2,1
 1,8,6,7,4,5,2,3,9,10					      |	 10,9,8,7,6,5,4,3,2,1
 1,1,2,1						      |	 2,1,1,1
 1,1,2,1						      |	 2,1,1,1
 1,1,1,2						      |	 2,1,1,1
out_file3.txt
partition 0 9 9 0					      |	partition 0 9 9 2
 1,9,8,7,6,5,4,3,2,10					      |	 10,9,8,7,6,5,4,3,2,1
partition 0 9 0 0					      |	partition 0 9 0 2
 1,9,8,7,6,5,4,3,2,10					      |	 10,9,8,7,6,5,4,3,2,1
partition 0 4 2 3					      |	partition 0 4 2 7
 7,6,1,8,9,5,4,3,2,10					      |	 10,9,8,7,6,5,4,3,2,1
partition 5 9 7 6					      |	partition 5 9 7 2
 7,6,1,8,9,2,3,5,4,10					      |	 10,9,8,7,6,5,4,3,2,1
partition 0 9 4 8					      |	partition 0 9 4 2
 4,6,1,8,7,2,3,5,9,10					      |	 10,9,8,7,6,5,4,3,2,1
partition 0 9 7 4					      |	partition 0 9 7 2
 2,4,1,3,5,7,8,6,9,10					      |	 10,9,8,7,6,5,4,3,2,1
partition 0 9 6 7					      |	partition 0 9 6 2
 6,4,1,3,5,7,2,8,9,10					      |	 10,9,8,7,6,5,4,3,2,1
partition 0 5 5 5					      |	partition 0 5 5 6
 6,4,1,3,5,7,2,8,9,10					      |	 10,9,8,7,6,5,4,3,2,1
 2,4,1,3,5,7,6,8,9,10					      |	 10,9,8,7,6,5,4,3,2,1
 1,2,3,4,5,7,6,8,9,10					      |	 10,9,8,7,6,5,4,3,2,1
partition 0 2 2 2					      |	partition 0 2 2 9
 1,2,3,4,5,7,6,8,9,10					      |	 10,9,8,7,6,5,4,3,2,1
partition 0 3 1 1					      |	partition 0 3 1 8
 1,2,3,4,5,7,6,8,9,10					      |	 10,9,8,7,6,5,4,3,2,1
partition 0 2 1 2					      |	partition 0 2 1 0
 1,2,2,3,2,2						      |	 2,2,2,3,1,2
partition 1 5 3 5					      <
getArray						      <
 1,2,2,2,2,3						      <
out_file4.txt
out_file5.txt
